# Redshift
25.0000000
24.5777848
24.1624260
23.7538122
23.3518339
22.9563833
22.5673545
22.1846432
21.8081467
21.4377641
21.0733963
20.7149454
20.3623154
20.0154117
19.6741415
19.3384132
19.0081367
18.6832237
18.3635869
18.0491407
17.7398009
17.4354844
17.1361097
16.8415966
16.5518661
16.2668405
15.9864435
15.7105998
15.4392356
15.1722781
14.9096558
14.6512981
14.3971360
14.1471012
13.9011267
13.6591466
13.4210961
13.1869112
12.9565293
12.7298886
12.5069283
12.2875887
12.0718109
11.8595372
11.6507106
11.4452751
11.2431757
11.0443582
10.8487693
10.6563566
10.4670685
10.2808542
10.0976639
9.9174484
9.7401595
9.5657496
9.3941719
9.2253804
9.0593300
8.8959761
8.7352749
8.5771833
8.4216590
8.2686602
8.1181460
7.9700760
7.8244105
7.6811105
7.5401376
7.4014539
7.2650223
7.1308062
6.9987697
6.8688773
6.7410942
6.6153862
6.4917196
6.3700613
6.2503785
6.1326393
6.0168120
5.9028657
5.7907697
5.6804941
5.5720092
5.4652861
5.3602960
5.2570109
5.1554030
5.0554451
4.9571105
4.8603727
4.7652058
4.6715844
4.5794832
4.4888778
4.3997436
4.3120569
4.2257942
4.1409323
4.0574484
3.9753203
3.8945259
3.8150434
3.7368517
3.6599298
3.5842569
3.5098130
3.4365779
3.3645321
3.2936563
3.2239314
3.1553388
3.0878601
3.0214771
2.9561722
2.8919277
2.8287265
2.7665516
2.7053864
2.6452145
2.5860197
2.5277861
2.4704983
2.4141407
2.3586983
2.3041562
2.2504999
2.1977149
2.1457870
2.0947025
2.0444474
1.9950085
1.9463724
1.8985262
1.8514569
1.8051519
1.7595989
1.7147857
1.6707001
1.6273305
1.5846652
1.5426927
1.5014018
1.4607814
1.4208207
1.3815088
1.3428354
1.3047900
1.2673624
1.2305426
1.1943207
1.1586870
1.1236320
1.0891463
1.0552205
1.0218457
0.9890129
0.9567132
0.9249380
0.8936789
0.8629273
0.8326752
0.8029143
0.7736367
0.7448345
0.7165001
0.6886257
0.6612041
0.6342277
0.6076894
0.5815820
0.5558987
0.5306324
0.5057763
0.4813240
0.4572687
0.4336040
0.4103237
0.3874214
0.3648910
0.3427264
0.3209218
0.2994713
0.2783692
0.2576097
0.2371873
0.2170965
0.1973320
0.1778885
0.1587607
0.1399436
0.1214320
0.1032210
0.0853057
0.0676814
0.0503433
0.0332867
0.0165071
0.0000000
