# Scale Factor
0.0384615
0.0390964
0.0397418
0.0403978
0.0410647
0.0417425
0.0424316
0.0431320
0.0438440
0.0445677
0.0453034
0.0460512
0.0468114
0.0475841
0.0483696
0.0491680
0.0499797
0.0508047
0.0516433
0.0524958
0.0533624
0.0542432
0.0551386
0.0560488
0.0569740
0.0579145
0.0588705
0.0598423
0.0608301
0.0618342
0.0628549
0.0638925
0.0649471
0.0660192
0.0671090
0.0682168
0.0693429
0.0704875
0.0716511
0.0728338
0.0740361
0.0752582
0.0765005
0.0777633
0.0790469
0.0803518
0.0816782
0.0830264
0.0843970
0.0857901
0.0872062
0.0886458
0.0901091
0.0915965
0.0931085
0.0946454
0.0962078
0.0977959
0.0994102
0.1010512
0.1027192
0.1044148
0.1061384
0.1078905
0.1096714
0.1114818
0.1133220
0.1151926
0.1170941
0.1190270
0.1209918
0.1229890
0.1250192
0.1270829
0.1291807
0.1313131
0.1334807
0.1356841
0.1379238
0.1402006
0.1425149
0.1448674
0.1472587
0.1496895
0.1521605
0.1546722
0.1572254
0.1598207
0.1624589
0.1651406
0.1678666
0.1706376
0.1734543
0.1763176
0.1792281
0.1821866
0.1851940
0.1882510
0.1913585
0.1945172
0.1977282
0.2009921
0.2043099
0.2076824
0.2111107
0.2145955
0.2181379
0.2217387
0.2253989
0.2291196
0.2329017
0.2367463
0.2406543
0.2446268
0.2486648
0.2527696
0.2569421
0.2611835
0.2654948
0.2698774
0.2743323
0.2788607
0.2834639
0.2881431
0.2928995
0.2977344
0.3026491
0.3076450
0.3127233
0.3178855
0.3231328
0.3284668
0.3338889
0.3394004
0.3450029
0.3506979
0.3564869
0.3623715
0.3683532
0.3744336
0.3806145
0.3868973
0.3932839
0.3997758
0.4063750
0.4130831
0.4199019
0.4268332
0.4338790
0.4410411
0.4483214
0.4557219
0.4632445
0.4708914
0.4786644
0.4865658
0.4945976
0.5027620
0.5110611
0.5194972
0.5280726
0.5367896
0.5456504
0.5546575
0.5638133
0.5731203
0.5825808
0.5921975
0.6019730
0.6119098
0.6220107
0.6322783
0.6427154
0.6533247
0.6641092
0.6750718
0.6862153
0.6975427
0.7090571
0.7207616
0.7326593
0.7447533
0.7570471
0.7695437
0.7822467
0.7951593
0.8082851
0.8216275
0.8351902
0.8489768
0.8629909
0.8772364
0.8917170
0.9064367
0.9213994
0.9366090
0.9520697
0.9677856
0.9837610
1.0000000
